------------------ INPUT SIZE 2048 -----------
0.00
0.00
0.00
0.00
0.00
0.00
0.00
0.00
0.00
0.00
------------------ INPUT SIZE 4096 -----------
0.00
0.00
0.00
0.00
0.00
0.00
0.00
0.00
0.00
0.00
------------------ INPUT SIZE 8192 -----------
0.00
0.00
0.00
0.00
0.00
0.00
0.00
0.00
0.00
0.00
------------------ INPUT SIZE 16384 -----------
0.00
0.00
0.00
0.00
0.00
0.00
0.00
0.00
0.00
0.00
------------------ INPUT SIZE 32768 -----------
0.00
0.00
0.00
0.00
0.00
0.00
0.00
0.00
0.00
0.00
------------------ INPUT SIZE 65536 -----------
0.00
0.00
0.00
0.00
0.00
0.00
0.00
0.00
0.00
0.00
------------------ INPUT SIZE 131072 -----------
0.00
0.00
0.00
0.00
